11
74
9
18
32
87
94
4
15
58
86
49
38
25
83
76
23
87
59
24
28
70
22
5
48
21
64
35
56
22
52
55
29
75
71
55
69
43
34
98
24
97
50
55
35
47
17
98
48
75
20
5
23
11
48
2
7
38
80
63
85
85
15
81
69
34
62
17
87
42
16
38
66
50
87
21
69
17
61
33
20
67
79
66
95
31
30
5
15
74
64
63
85
25
69
65
43
86
73
28
78
16
88
91
55
78
79
21
66
40
36
52
19
68
18
74
34
85
76
82
25
78
22
39
20
33
91
65
82
18
18
11
98
99
90
12
26
6
41
2
12
7
3
65
95
69
40
83
29
54
95
14
33
29
78
39
88
14
31
39
68
32
14
86
100
41
78
38
87
64
49
36
20
9
37
73
60
87
20
83
46
30
12
93
92
79
8
32
6
72
15
97
64
75
93
17
88
34
43
3
60
5
24
60
9
41
35
30
55
70
4
37
26
55
55
10
75
4
4
48
1
57
25
3
94
57
33
90
92
71
52
39
87
75
17
76
12
32
8
3
75
55
60
26
29
44
72
44
71
55
12
67
41
55
50
90
95
35
56
40
93
92
98
95
8
85
2
90
61
61
37
84
71
53
34
43
69
8
45
89
70
21
76
93
32
1
90
61
20
66
75
42
98
59
91
84
81
59
95
42
16
62
93
4
34
93
8
45
15
47
62
26
16
18
93
32
18
23
1
80
50
49
24
23
5
80
59
43
58
8
1
22
87
57
35
100
17
81
10
74
79
95
67
63
2
45
77
53
64
75
4
33
42
62
85
35
21
71
75
63
97
14
69
5
80
47
54
25
10
34
70
51
55
26
85
90
69
59
83
75
81
80
61
98
97
71
98
37
34
80
11
97
97
59
76
58
44
46
72
14
72
52
74
8
7
94
57
13
18
97
26
56
75
70
99
54
85
17
13
89
24
47
35
80
44
35
89
37
36
66
47
53
48
24
45
93
69
40
35
47
76
78
26
78
86
24
65
95
63
70
64
99
14
80
90
11
75
83
80
47
95
61
97
14
20
43
69
38
7
9
25
65
76
12
20
78
3
85
86
29
5
69
62
96
5
57
95
52
98
97
98
59
7
5
89
25
76
92
88
0
43
74
58
14
86
84
71
16
35
93
7
63
41
27
91
48
100
54
36
15
37
63
1
84
77
88
100
65
22
100
32
97
72
3
63
89
20
56
6
63
49
2
32
88
44
38
78
1
11
24
2
10
88
4
86
61
2
65
79
72
73
27
4
26
95
83
42
39
37
11
59
70
72
20
50
26
3
18
1
38
5
49
86
23
44
28
57
83
78
99
45
8
43
32
70
6
36
93
62
8
14
18
31
85
25
60
45
77
79
40
77
16
68
16
71
10
70
36
42
65
14
93
25
2
42
92
90
75
16
52
13
89
90
63
25
0
74
61
47
80
32
37
76
94
92
56
40
32
54
68
21
43
81
15
68
59
83
96
95
71
65
67
48
34
9
5
6
92
16
57
96
94
51
61
42
61
25
44
36
15
67
83
90
31
24
1
67
51
38
17
81
94
85
80
48
40
67
81
81
88
33
78
71
53
44
41
49
64
53
32
16
48
81
47
25
25
50
11
81
72
79
36
98
63
44
31
70
16
85
47
51
22
76
33
16
59
6
85
12
3
3
55
53
56
86
77
12
67
98
31
81
73
71
94
64
90
62
63
5
37
41
39
16
33
3
75
33
25
87
75
16
96
39
64
50
71
14
66
84
32
88
52
69
99
71
96
49
91
3
37
77
21
61
8
63
15
91
68
52
38
11
17
39
67
15
77
73
22
35
42
0
11
62
42
7
83
33
12
9
67
62
53
18
48
55
67
36
2
47
50
87
14
58
10
11
87
66
25
0
24
36
67
44
26
97
99
86
7
88
77
82
57
12
80
83
87
14
67
31
48
63
82
48
33
91
14
31
43
10
18
96
39
36
20
50
99
7
87
54
43
45
37
58
9
75
95
21
2
15
92
51
63
39
34
94
27
96
69
56
12
76
29
15
84
40
30
21
53
69
80
87
84
19
40
7
94
39
8
22
73
11
33
93
9
13
61
38
74
35
88
60
24
38
5
13
21
86
85
98
2
55
31
77
20
71
54
99
56
3
74
78
27
89
49
83
4
95
43
35
22
60
22
59
84
73
38
94
27
78
85
47
68
13
14
39
81
64
62
21
50
14
55
45
14
25
61
99
17
76
18
36
87
28
96
35
85
54
88
85
69
1
4
23
0
100
30
77
75
24
32
33
56
68
69
79
70
86
46
32
34
60
61
49
55
9
99
45
17
1
37
89
59
56
8
47
91
81
28
99
45
81
48
37
69
56
35
77
68
21
86
48
25
37
47
71
57
96
32
95
53
100
40
33
49
77
41
55
0
2
78
82
57
58
59
93
8
51
32
87
5
26
18
58
50
66
11
69
50
14
59
76
80
78
25
93
96
39
66
8
5
28
39
32
10
69
56
54
98
41
94
43
30
56
75
21
74
61
88
31
34
70
80
49
20
89
17
57
3
57
33
31
98
16
5
61
75
32
65
25
60
87
40
66
94
18
94
64
100
24
48
15
37
43
17
24
72
57
2
85
93
33
37
16
45
4
73
85
24
68
6
3
43
33
51
36
18
14
7
95
98
30
61
74
75
47
26
56
40
86
84
45
41
7
5
63
99
11
75
22
50
17
50
72
16
27
12
26
41
20
59
18
78
11
5
16
100
17
62
78
46
45
29
99
57
90
47
28
10
92
87
48
87
35
53
38
91
47
26
91
3
33
33
57
70
76
19
46
31
19
86
8
54
19
43
5
47
24
42
8
13
16
22
9
60
1
61
26
87
30
17
34
68
29
84
33
19
88
79
15
85
95
83
50
44
71
16
90
81
3
48
2
36
56
60
37
77
66
21
1
48
